750
242 558
986
987
989
992
994
997
998
521 449
814 496
615 512
543 523
983
408 564
409 568
995 578
744 587
837 916
88 600
91 603
204 696
94 699
661 749
183 750
962
936
938
939
942
944
948
950
951
954
955
959
108 783
963
964
966
969
970
971
972
975
976
978
929 762
262 427
339 207
894 945
553 985
249 980
8 999
341 683
392 586
51 685
458 175
153 395
263 418
620 191
150 946
447 552
960 548
155 700
475 542
461 527
415 237
401 264
402 476
243 466
15 180
114 798
118 892
861 902
511 598
169 53
162 54
847 79
721 84
469 97
470 104
471 152
935
795 190
796 445
797 221
289 253
27 306
20 322
344 324
581 363
372 398
619 403
821
799
802
803
804
807
809
811
812
815
819
820
792
822
823
826
827
829
830
831
836
839
842
843
776
755
756
757
761
764
766
767
768
771
772
775
844
777
778
779
780
784
785
786
787
790
791
908
888
889
890
893
895
896
899
900
905
906
907
887
913
914
917
921
922
923
924
925
926
931
933
864
845
848
849
850
851
852
854
855
859
860
863
751 291
865
867
869
870
874
875
877
878
880
886
157 503
93 911
835 927
115 882
825 871
833 816
862 918
285 759
643 710
853 709
330 934
321 789
872 919
12 123
156 834
794 818
30 517
32 226
297 102
841 96
915 95
40 234
182 238
188 876
147 2
675 116
371 46
583 990
571 366
518 385
443 390
760 359
388 331
953 428
525 464
80 280
151 967
903 529
259 223
984 545
653 218
144 577
891 580
625 143
134 128
801 599
129 271
426 375
624 774
244 769
227 353
273 595
382 590
805 684
373 585
405 36
290 582
763 288
199 579
528 338
365 47
252 651
165 163
622 61
350 996
973 753
355 949
173 563
437 266
434 810
737 758
943 478
857 76
146 930
474 250
124 657
459 168
336 160
573 171
609 465
6 958
664 172
18 838
947 628
681 65
689 715
695 126
866 492
566 965
952 495
920 957
547 711
879 501
534 198
808 630
524 117
885 673
67 68
991 86
26 634
44 940
670 635
481 941
665 632
10 961
856 631
101 589
236 432
49 637
52 636
394 731
544 660
881 720
701 717
770 608
912 484
270 487
383 498
438 618
813 295
817 979
256 310
413 974
846 788
982 782
386 419
200 417
195 399
740 968
735 752
800 510
840 898
714 901
105 64
617 884
873 904
513 883
686 909
31 659
993 69
522 185
562 793
482 868
133 214
988 633
137 37
138 0
72 343
537 337
932 773
410 335
703 781
832 246
726 119
662 928
407 57
612 897
414 269
345 806
697 910
490 55
937 71
572 59
705 601
422 828
376 535
368 607
304 698
674 666
307 668
765 676
318 384
977 248
327 224
716 824
455 58
754
424 981
99 66
444 215
956 257
452 82
494 206
454 161
231 158
858 85
130 131
274
247
251
254
255
258
260
261
265
267
268
272
245
275
276
277
278
279
281
282
283
284
286
287
222
205
208
209
210
211
212
213
216
217
219
220
292
225
228
229
230
232
233
235
239
240
241
349
326
328
329
332
333
334
340
342
346
347
348
325
351
352
354
356
357
358
360
361
362
364
367
309
293
294
296
298
299
300
301
302
303
305
308
203
311
312
313
314
315
316
317
319
320
323
73
41
42
43
45
48
50
56
60
62
63
70
39
74
75
77
78
81
83
87
89
90
92
98
21
3
4
5
7
9
11
13
14
16
17
19
100
22
23
24
25
28
29
33
34
35
38
181
154
159
164
166
167
170
174
176
177
178
179
149
184
186
187
189
192
193
194
196
197
201
202
125
103
106
107
109
110
111
112
113
120
121
122
369
127
132
135
136
139
140
141
142
145
148
644
616
621
623
626
627
629
638
639
640
641
642
614
645
646
647
648
649
650
652
654
655
656
658
593
565
567
569
570
574
575
576
584
588
591
592
663
594
596
597
602
604
605
606
610
611
613
733
718
719
722
723
724
725
727
728
729
730
732
713
734
736
738
739
741
742
743
745
746
747
748
690
667
669
671
672
677
678
679
680
682
687
688
561
691
692
693
694
702
704
706
707
708
712
448
429
430
431
433
435
436
439
440
441
442
446
425
450
451
453
456
457
460
462
463
467
468
472
396
370
374
377
378
379
380
381
387
389
391
393
473
397
400
404
406
411
412
416
420
421
423
541
519
520
526
530
531
532
533
536
538
539
540
516
546
549
550
551
554
555
556
557
559
560
499
477
479
480
483
485
486
488
489
491
493
497
1
500
502
504
505
506
507
508
509
514
515
